"","seqnames","start","A","C","G","T","N","=","-","+","TotalReads"
"1","AY032751env","187",1,0,0,0,0,0,0,0,1
"2","AY032751env","188",0,1,0,0,0,0,0,0,1
"3","AY032751env","189",1,0,0,0,0,0,0,0,1
"4","AY032751env","190",0,0,1,0,0,0,0,0,1
"5","AY032751env","191",0,0,0,1,0,0,0,0,1
"6","AY032751env","192",0,1,0,0,0,0,0,0,1
"7","AY032751env","193",1,0,0,0,0,0,0,0,1
"8","AY032751env","194",0,1,0,0,0,0,0,0,1
"9","AY032751env","195",1,0,0,0,0,0,0,0,1
"10","AY032751env","196",0,0,1,0,0,0,0,0,1
"11","AY032751env","197",316,0,0,0,0,0,0,0,316
"12","AY032751env","198",316,0,0,0,0,0,0,0,316
"13","AY032751env","199",0,316,0,0,0,0,0,0,316
"14","AY032751env","200",316,0,0,0,0,0,0,0,316
"15","AY032751env","201",0,0,316,0,0,0,0,0,316
"16","AY032751env","202",0,0,316,0,0,0,0,0,316
"17","AY032751env","203",0,316,0,0,0,0,0,0,316
"18","AY032751env","204",316,0,0,0,0,0,0,0,316
"19","AY032751env","205",316,0,0,0,0,0,0,0,316
"20","AY032751env","206",0,0,0,316,0,0,0,0,316
"21","AY032751env","207",315,0,0,1,0,0,0,0,316
"22","AY032751env","208",0,0,316,0,0,0,0,0,316
"23","AY032751env","209",316,0,0,0,0,0,0,0,316
"24","AY032751env","210",0,0,316,0,0,0,0,0,316
"25","AY032751env","211",0,0,316,0,0,0,0,0,316
"26","AY032751env","212",316,0,0,0,0,0,0,0,316
"27","AY032751env","213",0,0,0,316,0,0,0,0,316
"28","AY032751env","214",0,0,316,0,0,0,0,0,316
"29","AY032751env","215",0,0,0,316,0,0,0,0,316
"30","AY032751env","216",316,0,0,0,0,0,0,0,316
"31","AY032751env","217",0,0,0,316,0,0,0,0,316
"32","AY032751env","218",0,0,316,0,0,0,0,0,316
"33","AY032751env","219",0,0,315,1,0,0,0,0,316
"34","AY032751env","220",316,0,0,0,0,0,0,0,316
"35","AY032751env","221",316,0,0,0,0,0,0,0,316
"36","AY032751env","222",0,0,0,316,0,0,0,0,316
"37","AY032751env","223",0,316,0,0,0,0,0,0,316
"38","AY032751env","224",0,0,0,316,0,0,0,0,316
"39","AY032751env","225",0,310,0,6,0,0,0,0,316
"40","AY032751env","226",0,0,0,316,0,0,0,0,316
"41","AY032751env","227",0,0,0,316,0,0,0,0,316
"42","AY032751env","228",0,0,0,316,0,0,0,0,316
"43","AY032751env","229",0,0,316,0,0,0,0,0,316
"44","AY032751env","230",316,0,0,0,0,0,0,0,316
"45","AY032751env","231",0,0,316,0,0,0,0,0,316
"46","AY032751env","232",316,0,0,0,0,0,0,0,316
"47","AY032751env","233",0,316,0,0,0,0,0,0,316
"48","AY032751env","234",0,316,0,0,0,0,0,0,316
"49","AY032751env","235",1,0,0,315,0,0,0,0,316
"50","AY032751env","236",0,316,0,0,0,0,0,0,316
"51","AY032751env","237",0,0,0,316,0,0,0,0,316
"52","AY032751env","238",316,0,0,0,0,0,0,0,316
"53","AY032751env","239",0,0,0,316,0,0,0,0,316
"54","AY032751env","240",316,0,0,0,0,0,0,0,316
"55","AY032751env","241",316,0,0,0,0,0,0,0,316
"56","AY032751env","242",316,0,0,0,0,0,0,0,316
"57","AY032751env","243",151,0,165,0,0,0,0,0,316
"58","AY032751env","244",0,316,0,0,0,0,0,0,316
"59","AY032751env","245",0,316,0,0,0,0,0,0,316
"60","AY032751env","246",0,316,0,0,0,0,0,0,316
"61","AY032751env","247",0,0,0,316,0,0,0,0,316
"62","AY032751env","248",0,0,316,0,0,0,0,0,316
"63","AY032751env","249",0,2,0,314,0,0,0,0,316
"64","AY032751env","250",1,0,315,0,0,0,0,0,316
"65","AY032751env","251",0,0,0,316,0,0,0,0,316
"66","AY032751env","252",316,0,0,0,0,0,0,0,316
"67","AY032751env","253",316,0,0,0,0,0,0,0,316
"68","AY032751env","254",315,0,1,0,0,0,0,0,316
"69","AY032751env","255",315,0,1,0,0,0,0,0,316
"70","AY032751env","256",0,0,0,316,0,0,0,0,316
"71","AY032751env","257",0,0,0,316,0,0,0,0,316
"72","AY032751env","258",0,0,316,0,0,0,0,0,316
"73","AY032751env","259",316,0,0,0,0,0,0,0,316
"74","AY032751env","260",0,316,0,0,0,0,0,0,316
"75","AY032751env","261",1,315,0,0,0,0,0,0,316
"76","AY032751env","262",0,316,0,0,0,0,0,0,316
"77","AY032751env","263",0,316,0,0,0,0,0,0,316
"78","AY032751env","264",0,316,0,0,0,0,0,0,316
"79","AY032751env","265",0,0,0,316,0,0,0,0,316
"80","AY032751env","266",0,0,0,316,0,0,0,0,316
"81","AY032751env","267",316,0,0,0,0,0,0,0,316
"82","AY032751env","268",0,0,0,316,0,0,0,0,316
"83","AY032751env","269",0,0,316,0,0,0,0,0,316
"84","AY032751env","270",0,316,0,0,0,0,0,0,316
"85","AY032751env","271",316,0,0,0,0,0,0,0,316
"86","AY032751env","272",0,1,0,315,0,0,0,0,316
"87","AY032751env","273",0,0,0,316,0,0,0,0,316
"88","AY032751env","274",316,0,0,0,0,0,0,0,316
"89","AY032751env","275",0,315,0,0,0,0,0,0,315
"90","AY032751env","276",1,315,0,0,0,0,0,0,316
"91","AY032751env","277",316,0,0,0,0,0,0,0,316
"92","AY032751env","278",0,0,0,315,0,0,0,0,315
"93","AY032751env","279",0,0,315,0,0,0,0,0,315
"94","AY032751env","280",315,0,0,0,0,0,0,0,315
"95","AY032751env","281",0,0,315,0,0,0,0,0,315
"96","AY032751env","282",315,0,0,0,0,0,0,0,315
"97","AY032751env","283",0,0,0,315,0,0,0,0,315
"98","AY032751env","284",1,0,314,0,0,0,0,0,315
"99","AY032751env","285",0,315,0,0,0,0,0,0,315
"100","AY032751env","286",315,0,0,0,0,0,0,0,315
"101","AY032751env","287",315,0,0,0,0,0,0,0,315
"102","AY032751env","288",0,0,0,315,0,0,0,0,315
"103","AY032751env","289",315,0,0,0,0,0,0,0,315
"104","AY032751env","290",315,0,0,0,0,0,0,0,315
"105","AY032751env","291",0,0,315,0,0,0,0,0,315
"106","AY032751env","292",314,0,0,1,0,0,0,0,315
"107","AY032751env","293",0,315,0,0,0,0,0,0,315
"108","AY032751env","294",315,0,0,0,0,0,0,0,315
"109","AY032751env","295",0,0,315,0,0,0,0,0,315
"110","AY032751env","296",314,0,1,0,0,0,0,0,315
"111","AY032751env","297",13,0,0,302,0,0,0,0,315
"112","AY032751env","298",315,0,0,0,0,0,0,0,315
"113","AY032751env","299",0,315,0,0,0,0,0,0,315
"114","AY032751env","300",315,0,0,0,0,0,0,0,315
"115","AY032751env","301",0,0,315,0,0,0,0,0,315
"116","AY032751env","302",315,0,0,0,0,0,0,0,315
"117","AY032751env","303",0,13,0,302,0,0,0,0,315
"118","AY032751env","304",315,0,0,0,0,0,0,0,315
"119","AY032751env","305",21,0,294,0,0,0,0,0,315
"120","AY032751env","306",315,0,0,0,0,0,0,0,315
"121","AY032751env","307",0,0,0,315,0,0,0,0,315
"122","AY032751env","308",0,0,315,0,0,0,0,0,315
"123","AY032751env","309",0,0,315,0,0,0,0,0,315
"124","AY032751env","310",0,0,315,0,0,0,0,0,315
"125","AY032751env","311",0,0,315,0,0,0,0,0,315
"126","AY032751env","312",0,0,315,0,0,0,0,0,315
"127","AY032751env","313",0,0,0,315,0,0,0,0,315
"128","AY032751env","314",0,0,0,315,0,0,0,0,315
"129","AY032751env","315",315,0,0,0,0,0,0,0,315
"130","AY032751env","316",315,0,0,0,0,0,0,0,315
"131","AY032751env","317",0,315,0,0,0,0,0,0,315
"132","AY032751env","318",315,0,0,0,0,0,0,0,315
"133","AY032751env","319",0,0,315,0,0,0,0,0,315
"134","AY032751env","320",0,0,315,0,0,0,0,0,315
"135","AY032751env","321",0,0,315,0,0,0,0,0,315
"136","AY032751env","322",315,0,0,0,0,0,0,0,315
"137","AY032751env","323",315,0,0,0,0,0,0,0,315
"138","AY032751env","324",0,0,0,315,0,0,0,19,315
"139","AY032751env","325",0,0,315,0,0,0,0,19,315
"140","AY032751env","326",19,0,0,296,0,0,0,0,315
"141","AY032751env","327",315,0,0,0,0,0,0,0,315
"142","AY032751env","328",0,315,0,0,0,0,0,19,315
"143","AY032751env","329",0,315,0,0,0,0,0,0,315
"144","AY032751env","330",315,0,0,0,0,0,0,0,315
"145","AY032751env","331",315,0,0,0,0,0,0,0,315
"146","AY032751env","332",0,315,0,0,0,0,0,0,315
"147","AY032751env","333",315,0,0,0,0,0,0,0,315
"148","AY032751env","334",315,0,0,0,0,0,0,0,315
"149","AY032751env","335",0,315,0,0,0,0,0,0,315
"150","AY032751env","336",315,0,0,0,0,0,0,0,315
"151","AY032751env","337",315,0,0,0,0,0,0,0,315
"152","AY032751env","338",0,315,0,0,0,0,0,0,315
"153","AY032751env","339",315,0,0,0,0,0,0,0,315
"154","AY032751env","340",18,0,297,0,0,0,0,0,315
"155","AY032751env","341",0,315,0,0,0,0,0,0,315
"156","AY032751env","342",315,0,0,0,0,0,0,0,315
"157","AY032751env","343",315,0,0,0,0,0,0,0,315
"158","AY032751env","344",0,315,0,0,0,0,0,14,315
"159","AY032751env","345",315,0,0,0,0,0,0,17,315
"160","AY032751env","346",314,0,1,0,0,0,0,17,315
"161","AY032751env","347",0,315,0,0,0,0,0,0,315
"162","AY032751env","348",315,0,0,0,0,0,0,0,315
"163","AY032751env","349",0,0,0,315,0,0,0,0,315
"164","AY032751env","350",0,290,0,25,0,0,0,0,315
"165","AY032751env","351",315,0,0,0,0,0,0,0,315
"166","AY032751env","352",314,0,1,0,0,0,0,0,315
"167","AY032751env","353",0,315,0,0,0,0,0,0,315
"168","AY032751env","354",315,0,0,0,0,0,0,0,315
"169","AY032751env","355",315,0,0,0,0,0,0,0,315
"170","AY032751env","356",0,315,0,0,0,0,0,0,315
"171","AY032751env","357",315,0,0,0,0,0,0,0,315
"172","AY032751env","358",314,1,0,0,0,0,0,0,315
"173","AY032751env","359",0,312,0,3,0,0,0,0,315
"174","AY032751env","360",315,0,0,0,0,0,0,0,315
"175","AY032751env","361",0,314,0,1,0,0,0,0,315
"176","AY032751env","362",0,315,0,0,0,0,0,0,315
"177","AY032751env","363",315,0,0,0,0,0,0,0,315
"178","AY032751env","364",315,0,0,0,0,0,0,0,315
"179","AY032751env","365",315,0,0,0,0,0,0,0,315
"180","AY032751env","366",315,0,0,0,0,0,0,18,315
"181","AY032751env","367",0,0,315,0,0,0,0,0,315
"182","AY032751env","368",315,0,0,0,0,0,0,0,315
"183","AY032751env","369",315,0,0,0,0,0,0,18,315
"184","AY032751env","370",315,0,0,0,0,0,0,18,315
"185","AY032751env","371",0,315,0,0,0,0,0,0,315
"186","AY032751env","372",315,0,0,0,0,0,0,0,315
"187","AY032751env","373",72,0,243,0,0,0,0,0,315
"188","AY032751env","374",315,0,0,0,0,0,0,0,315
"189","AY032751env","375",0,0,0,315,0,0,0,0,315
"190","AY032751env","376",0,0,315,0,0,0,0,0,315
"191","AY032751env","377",0,0,0,315,0,0,0,0,315
"192","AY032751env","378",0,0,0,315,0,0,0,0,315
"193","AY032751env","379",0,0,315,0,0,0,0,0,315
"194","AY032751env","380",0,0,0,315,0,0,0,0,315
"195","AY032751env","381",315,0,0,0,0,0,0,0,315
"196","AY032751env","382",315,0,0,0,0,0,0,0,315
"197","AY032751env","383",314,0,1,0,0,0,0,0,315
"198","AY032751env","384",0,0,0,315,0,0,0,0,315
"199","AY032751env","385",0,0,315,0,0,0,0,0,315
"200","AY032751env","386",315,0,0,0,0,0,0,0,315
"201","AY032751env","387",315,0,0,0,0,0,0,0,315
"202","AY032751env","388",315,0,0,0,0,0,0,0,315
"203","AY032751env","389",0,315,0,0,0,0,0,0,315
"204","AY032751env","390",0,0,0,315,0,0,0,0,315
"205","AY032751env","391",315,0,0,0,0,0,0,0,315
"206","AY032751env","392",0,0,315,0,0,0,0,0,315
"207","AY032751env","393",0,0,0,315,0,0,0,0,315
"208","AY032751env","394",0,0,0,315,0,0,0,0,315
"209","AY032751env","395",0,315,0,0,0,0,0,0,315
"210","AY032751env","396",0,0,1,314,0,0,0,0,315
"211","AY032751env","397",0,0,0,315,0,0,0,0,315
"212","AY032751env","398",0,0,315,0,0,0,0,0,315
"213","AY032751env","399",0,0,0,315,0,0,0,0,315
"214","AY032751env","400",0,0,315,0,0,0,0,0,315
"215","AY032751env","401",0,0,0,315,0,0,0,0,315
"216","AY032751env","402",315,0,0,0,0,0,0,0,315
"217","AY032751env","403",315,0,0,0,0,0,0,0,315
"218","AY032751env","404",315,0,0,0,0,0,0,0,315
"219","AY032751env","405",314,0,1,0,0,0,0,0,315
"220","AY032751env","406",314,0,1,0,0,0,0,0,315
"221","AY032751env","407",315,0,0,0,0,0,0,0,315
"222","AY032751env","408",0,315,0,0,0,0,0,0,315
"223","AY032751env","409",315,0,0,0,0,0,0,0,315
"224","AY032751env","410",315,0,0,0,0,0,0,0,315
"225","AY032751env","411",0,0,0,315,0,0,0,0,315
"226","AY032751env","412",315,0,0,0,0,0,0,0,315
"227","AY032751env","413",315,0,0,0,0,0,0,0,315
"228","AY032751env","414",0,0,0,315,0,0,0,0,315
"229","AY032751env","415",0,0,0,315,0,0,0,0,315
"230","AY032751env","416",0,0,315,0,0,0,0,0,315
"231","AY032751env","417",0,0,0,315,0,0,0,0,315
"232","AY032751env","418",315,0,0,0,0,0,0,0,315
"233","AY032751env","419",0,315,0,0,0,0,0,0,315
"234","AY032751env","420",314,0,1,0,0,0,0,0,315
"235","AY032751env","421",0,0,315,0,0,0,0,0,315
"236","AY032751env","422",0,0,315,0,0,0,0,0,315
"237","AY032751env","423",0,314,0,1,0,0,0,0,315
"238","AY032751env","424",0,0,0,315,0,0,0,0,315
"239","AY032751env","425",0,0,0,315,0,0,0,0,315
"240","AY032751env","426",315,0,0,0,0,0,0,0,315
"241","AY032751env","427",0,0,315,0,0,0,0,0,315
"242","AY032751env","428",308,0,7,0,0,0,0,0,315
"243","AY032751env","429",22,0,293,0,0,0,0,0,315
"244","AY032751env","430",0,315,0,0,0,0,0,0,315
"245","AY032751env","431",254,39,22,0,0,0,0,0,315
"246","AY032751env","432",239,0,76,0,0,0,0,0,315
"247","AY032751env","433",0,0,315,0,0,0,0,0,315
"248","AY032751env","434",315,0,0,0,0,0,0,0,315
"249","AY032751env","435",315,0,0,0,0,0,0,0,315
"250","AY032751env","436",0,315,0,0,0,0,0,0,315
"251","AY032751env","437",0,315,0,0,0,0,0,0,315
"252","AY032751env","438",315,0,0,0,0,0,0,0,315
"253","AY032751env","439",315,0,0,0,0,0,0,0,315
"254","AY032751env","440",0,0,0,315,0,0,0,0,315
"255","AY032751env","441",0,0,315,0,0,0,0,0,315
"256","AY032751env","442",0,0,315,0,0,0,0,0,315
"257","AY032751env","443",0,0,0,315,0,0,0,0,315
"258","AY032751env","444",315,0,0,0,0,0,0,0,315
"259","AY032751env","445",315,0,0,0,0,0,0,0,315
"260","AY032751env","446",0,0,315,0,0,0,0,0,315
"261","AY032751env","447",0,315,0,0,0,0,0,0,315
"262","AY032751env","448",0,0,0,315,0,0,0,0,315
"263","AY032751env","449",0,0,315,0,0,0,0,0,315
"264","AY032751env","450",0,0,0,315,0,0,0,0,315
"265","AY032751env","451",315,0,0,0,0,0,0,0,315
"266","AY032751env","452",314,0,1,0,0,0,0,0,315
"267","AY032751env","453",314,0,1,0,0,0,0,0,315
"268","AY032751env","454",0,0,0,315,0,0,0,0,315
"269","AY032751env","455",0,0,0,315,0,0,0,0,315
"270","AY032751env","456",0,0,0,315,0,0,0,0,315
"271","AY032751env","457",315,0,0,0,0,0,0,0,315
"272","AY032751env","458",315,0,0,0,0,0,0,0,315
"273","AY032751env","459",0,315,0,0,0,0,0,0,315
"274","AY032751env","460",315,0,0,0,0,0,0,0,315
"275","AY032751env","461",0,0,0,315,0,0,0,0,315
"276","AY032751env","462",0,0,315,0,0,0,0,0,315
"277","AY032751env","463",315,0,0,0,0,0,0,0,315
"278","AY032751env","464",0,315,0,0,0,0,0,0,315
"279","AY032751env","465",12,0,0,303,0,0,0,0,315
"280","AY032751env","466",1,0,314,0,0,0,0,0,315
"281","AY032751env","467",0,0,315,0,0,0,0,0,315
"282","AY032751env","468",0,0,315,0,0,0,0,0,315
"283","AY032751env","469",0,0,0,315,0,0,0,0,315
"284","AY032751env","470",0,0,0,315,0,0,0,0,315
"285","AY032751env","471",315,0,0,0,0,0,0,0,315
"286","AY032751env","472",315,0,0,0,0,0,0,0,315
"287","AY032751env","473",315,0,0,0,0,0,0,0,315
"288","AY032751env","474",315,0,0,0,0,0,0,0,315
"289","AY032751env","475",315,0,0,0,0,0,0,0,315
"290","AY032751env","476",0,0,315,0,0,0,0,0,315
"291","AY032751env","477",0,0,315,0,0,0,0,0,315
"292","AY032751env","478",0,0,315,0,0,0,0,0,315
"293","AY032751env","479",315,0,0,0,0,0,0,0,315
"294","AY032751env","480",0,315,0,0,0,0,0,0,315
"295","AY032751env","481",315,0,0,0,0,0,0,0,315
"296","AY032751env","482",315,0,0,0,0,0,0,0,315
"297","AY032751env","483",315,0,0,0,0,0,0,0,315
"298","AY032751env","484",315,0,0,0,0,0,0,0,315
"299","AY032751env","485",294,0,21,0,0,0,0,0,315
"300","AY032751env","486",0,0,315,0,0,0,0,0,315
"301","AY032751env","487",315,0,0,0,0,0,0,0,315
"302","AY032751env","488",315,0,0,0,0,0,0,0,315
"303","AY032751env","489",315,0,0,0,0,0,0,0,315
"304","AY032751env","490",1,0,314,0,0,0,0,0,315
"305","AY032751env","491",315,0,0,0,0,0,0,0,315
"306","AY032751env","492",314,0,1,0,0,0,0,0,315
"307","AY032751env","493",0,0,0,315,0,0,0,0,315
"308","AY032751env","494",315,0,0,0,0,0,0,0,315
"309","AY032751env","495",0,11,0,304,0,0,0,0,315
"310","AY032751env","496",314,0,1,0,0,0,0,0,315
"311","AY032751env","497",315,0,0,0,0,0,0,0,315
"312","AY032751env","498",0,0,0,315,0,0,0,0,315
"313","AY032751env","499",0,0,315,0,0,0,0,0,315
"314","AY032751env","500",315,0,0,0,0,0,0,0,315
"315","AY032751env","501",315,0,0,0,0,0,0,0,315
"316","AY032751env","502",315,0,0,0,0,0,0,0,315
"317","AY032751env","503",0,315,0,0,0,0,0,0,315
"318","AY032751env","504",315,0,0,0,0,0,0,0,315
"319","AY032751env","505",0,0,0,315,0,0,0,0,315
"320","AY032751env","506",0,0,315,0,0,0,0,0,315
"321","AY032751env","507",0,0,315,0,0,0,0,0,315
"322","AY032751env","508",0,0,0,315,0,0,0,0,315
"323","AY032751env","509",315,0,0,0,0,0,0,0,315
"324","AY032751env","510",0,0,0,315,0,0,0,0,315
"325","AY032751env","511",0,0,0,315,0,0,0,0,315
"326","AY032751env","512",0,315,0,0,0,0,0,0,315
"327","AY032751env","513",315,0,0,0,0,0,0,0,315
"328","AY032751env","514",315,0,0,0,0,0,0,0,315
"329","AY032751env","515",0,4,311,0,0,0,0,0,315
"330","AY032751env","516",315,0,0,0,0,0,0,0,315
"331","AY032751env","517",0,0,315,0,0,0,0,0,315
"332","AY032751env","518",315,0,0,0,0,0,0,0,315
"333","AY032751env","519",0,0,0,314,0,0,1,0,314
"334","AY032751env","520",0,0,0,315,0,0,0,0,315
"335","AY032751env","521",0,0,0,315,0,0,0,0,315
"336","AY032751env","522",315,0,0,0,0,0,0,0,315
"337","AY032751env","523",315,0,0,0,0,0,0,0,315
"338","AY032751env","524",0,0,0,315,0,0,0,0,315
"339","AY032751env","525",315,0,0,0,0,0,0,0,315
"340","AY032751env","526",0,0,0,315,0,0,0,0,315
"341","AY032751env","527",0,0,315,0,0,0,0,0,315
"342","AY032751env","528",0,0,0,315,0,0,0,0,315
"343","AY032751env","529",0,0,315,0,0,0,0,0,315
"344","AY032751env","530",314,0,1,0,0,0,0,0,315
"345","AY032751env","531",315,0,0,0,0,0,0,0,315
"346","AY032751env","532",0,315,0,0,0,0,0,0,315
"347","AY032751env","533",314,0,0,0,0,0,1,0,314
"348","AY032751env","534",315,0,0,0,0,0,0,0,315
"349","AY032751env","535",315,0,0,0,0,0,0,0,315
"350","AY032751env","536",315,0,0,0,0,0,0,0,315
"351","AY032751env","537",0,0,0,315,0,0,0,0,315
"352","AY032751env","538",315,0,0,0,0,0,0,0,315
"353","AY032751env","539",0,315,0,0,0,0,0,0,315
"354","AY032751env","540",0,0,0,315,0,0,0,0,315
"355","AY032751env","541",315,0,0,0,0,0,0,0,315
"356","AY032751env","542",314,0,1,0,0,0,0,0,315
"357","AY032751env","543",0,0,0,315,0,0,0,0,315
"358","AY032751env","544",0,0,315,0,0,0,0,0,315
"359","AY032751env","545",0,0,315,0,0,0,0,0,315
"360","AY032751env","546",315,0,0,0,0,0,0,0,315
"361","AY032751env","547",315,0,0,0,0,0,0,0,315
"362","AY032751env","548",0,0,315,0,0,0,0,0,315
"363","AY032751env","549",0,0,0,315,0,0,0,0,315
"364","AY032751env","550",0,0,315,0,0,0,0,0,315
"365","AY032751env","551",315,0,0,0,0,0,0,0,315
"366","AY032751env","552",314,0,1,0,0,0,0,0,315
"367","AY032751env","553",315,0,0,0,0,0,0,0,315
"368","AY032751env","554",0,0,315,0,0,0,0,0,315
"369","AY032751env","555",0,0,0,315,0,0,0,0,315
"370","AY032751env","556",315,0,0,0,0,0,0,0,315
"371","AY032751env","557",315,0,0,0,0,0,0,0,315
"372","AY032751env","558",315,0,0,0,0,0,0,0,315
"373","AY032751env","559",0,0,0,315,0,0,0,0,315
"374","AY032751env","560",0,0,315,0,0,0,0,0,315
"375","AY032751env","561",0,1,0,314,0,0,0,0,315
"376","AY032751env","562",0,0,0,315,0,0,0,0,315
"377","AY032751env","563",315,0,0,0,0,0,0,0,315
"378","AY032751env","564",0,315,0,0,0,0,0,0,315
"379","AY032751env","565",315,0,0,0,0,0,0,0,315
"380","AY032751env","566",0,0,0,315,0,0,0,0,315
"381","AY032751env","567",0,0,315,0,0,0,0,0,315
"382","AY032751env","568",315,0,0,0,0,0,0,0,315
"383","AY032751env","569",315,0,0,0,0,0,0,0,315
"384","AY032751env","570",0,0,0,315,0,0,0,0,315
"385","AY032751env","571",0,315,0,0,0,0,0,0,315
"386","AY032751env","572",315,0,0,0,0,0,0,0,315
"387","AY032751env","573",0,0,0,315,0,0,0,0,315
"388","AY032751env","574",0,0,0,315,0,0,0,0,315
"389","AY032751env","575",0,0,315,0,0,0,0,0,315
"390","AY032751env","576",0,0,0,315,0,0,0,0,315
"391","AY032751env","577",315,0,0,0,0,0,0,0,315
"392","AY032751env","578",315,0,0,0,0,0,0,0,315
"393","AY032751env","579",0,315,0,0,0,0,0,0,315
"394","AY032751env","580",315,0,0,0,0,0,0,0,315
"395","AY032751env","581",0,315,0,0,0,0,0,0,315
"396","AY032751env","582",0,315,0,0,0,0,0,0,315
"397","AY032751env","583",315,0,0,0,0,0,0,0,315
"398","AY032751env","584",0,0,315,0,0,0,0,0,315
"399","AY032751env","585",0,0,0,315,0,0,0,0,315
"400","AY032751env","586",315,0,0,0,0,0,0,0,315
"401","AY032751env","587",0,0,0,315,0,0,0,0,315
"402","AY032751env","588",0,0,0,315,0,0,0,0,315
"403","AY032751env","589",315,0,0,0,0,0,0,0,315
"404","AY032751env","590",0,0,0,315,0,0,0,0,315
"405","AY032751env","591",0,0,0,315,0,0,0,0,315
"406","AY032751env","592",0,315,0,0,0,0,0,0,315
"407","AY032751env","593",314,0,1,0,0,0,0,0,315
"408","AY032751env","594",315,0,0,0,0,0,0,0,315
"409","AY032751env","595",0,0,315,0,0,0,0,0,315
"410","AY032751env","596",314,0,1,0,0,0,0,0,315
"411","AY032751env","597",315,0,0,0,0,0,0,0,315
"412","AY032751env","598",0,0,0,315,0,0,0,0,315
"413","AY032751env","599",0,315,0,0,0,0,0,0,315
"414","AY032751env","600",0,315,0,0,0,0,0,0,315
"415","AY032751env","601",0,0,0,315,0,0,0,0,315
"416","AY032751env","602",0,0,315,0,0,0,0,0,315
"417","AY032751env","603",0,4,0,311,0,0,0,0,315
"418","AY032751env","604",0,0,315,0,0,0,0,0,315
"419","AY032751env","605",315,0,0,0,0,0,0,0,315
"420","AY032751env","606",0,315,0,0,0,0,0,0,315
"421","AY032751env","607",315,0,0,0,0,0,0,0,315
"422","AY032751env","608",314,0,1,0,0,0,0,0,315
"423","AY032751env","609",0,0,315,0,0,0,0,0,315
"424","AY032751env","610",0,315,0,0,0,0,0,0,315
"425","AY032751env","611",315,0,0,0,0,0,0,0,315
"426","AY032751env","612",0,0,0,315,0,0,0,0,315
"427","AY032751env","613",0,0,0,315,0,0,0,0,315
"428","AY032751env","614",315,0,0,0,0,0,0,0,315
"429","AY032751env","615",0,0,0,315,0,0,0,0,315
"430","AY032751env","616",0,0,0,315,0,0,0,0,315
"431","AY032751env","617",0,0,315,0,0,0,0,0,315
"432","AY032751env","618",0,0,315,0,0,0,0,0,315
"433","AY032751env","619",0,0,315,0,0,0,0,0,315
"434","AY032751env","620",315,0,0,0,0,0,0,0,315
"435","AY032751env","621",0,0,0,315,0,0,0,0,315
"436","AY032751env","622",0,0,315,0,0,0,0,0,315
"437","AY032751env","623",0,315,0,0,0,0,0,0,315
"438","AY032751env","624",0,0,0,315,0,0,0,0,315
"439","AY032751env","625",315,0,0,0,0,0,0,0,315
"440","AY032751env","626",0,0,0,315,0,0,0,0,315
"441","AY032751env","627",0,0,0,315,0,0,0,0,315
"442","AY032751env","628",315,0,0,0,0,0,0,0,315
"443","AY032751env","629",0,0,315,0,0,0,0,0,315
"444","AY032751env","630",315,0,0,0,0,0,0,0,315
"445","AY032751env","631",0,1,0,314,0,0,0,0,315
"446","AY032751env","632",0,0,0,315,0,0,0,0,315
"447","AY032751env","633",0,0,0,315,0,0,0,0,315
"448","AY032751env","634",315,0,0,0,0,0,0,0,315
"449","AY032751env","635",0,0,315,0,0,0,0,0,315
"450","AY032751env","636",315,0,0,0,0,0,0,0,315
"451","AY032751env","637",0,0,0,315,0,0,0,0,315
"452","AY032751env","638",315,0,0,0,0,0,0,0,315
"453","AY032751env","639",0,0,0,315,0,0,0,0,315
"454","AY032751env","640",0,0,0,315,0,0,0,0,315
"455","AY032751env","641",0,0,315,0,0,0,0,0,315
"456","AY032751env","642",0,0,0,315,0,0,0,0,315
"457","AY032751env","643",0,0,315,0,0,0,0,0,315
"458","AY032751env","644",0,315,0,0,0,0,0,0,315
"459","AY032751env","645",315,0,0,0,0,0,0,0,315
"460","AY032751env","646",0,315,0,0,0,0,0,0,315
"461","AY032751env","647",0,315,0,0,0,0,0,0,315
"462","AY032751env","648",0,0,315,0,0,0,0,0,315
"463","AY032751env","649",0,315,0,0,0,0,0,0,315
"464","AY032751env","650",0,315,0,0,0,0,0,0,315
"465","AY032751env","651",315,0,0,0,0,0,0,0,315
"466","AY032751env","652",0,0,315,0,0,0,0,0,315
"467","AY032751env","653",0,0,315,0,0,0,0,0,315
"468","AY032751env","654",0,0,1,314,0,0,0,0,315
"469","AY032751env","655",0,0,0,315,0,0,0,0,315
"470","AY032751env","656",315,0,0,0,0,0,0,0,315
"471","AY032751env","657",0,0,0,315,0,0,0,0,315
"472","AY032751env","658",0,0,315,0,0,0,0,0,315
"473","AY032751env","659",0,315,0,0,0,0,0,0,315
"474","AY032751env","660",0,0,0,315,0,0,0,0,315
"475","AY032751env","661",0,0,0,315,0,0,0,0,315
"476","AY032751env","662",0,0,0,315,0,0,0,0,315
"477","AY032751env","663",0,0,315,0,0,0,0,0,315
"478","AY032751env","664",0,315,0,0,0,0,0,0,315
"479","AY032751env","665",0,0,0,315,0,0,0,0,315
"480","AY032751env","666",0,0,0,315,0,0,0,0,315
"481","AY032751env","667",315,0,0,0,0,0,0,0,315
"482","AY032751env","668",0,0,315,0,0,0,0,0,315
"483","AY032751env","669",0,0,315,0,0,0,0,0,315
"484","AY032751env","670",0,0,0,315,0,0,0,0,315
"485","AY032751env","671",0,0,315,0,0,0,0,0,315
"486","AY032751env","672",0,0,0,315,0,0,0,0,315
"487","AY032751env","673",315,0,0,0,0,0,0,0,315
"488","AY032751env","674",315,0,0,0,0,0,0,0,315
"489","AY032751env","675",0,0,0,315,0,0,0,0,315
"490","AY032751env","676",0,0,315,0,0,0,0,0,315
"491","AY032751env","677",315,0,0,0,0,0,0,0,315
"492","AY032751env","678",0,0,0,315,0,0,0,0,315
"493","AY032751env","679",315,0,0,0,0,0,0,0,315
"494","AY032751env","680",0,315,0,0,0,0,0,0,315
"495","AY032751env","681",315,0,0,0,0,0,0,0,315
"496","AY032751env","682",315,0,0,0,0,0,0,0,315
"497","AY032751env","683",315,0,0,0,0,0,0,0,315
"498","AY032751env","684",0,0,0,315,0,0,0,0,315
"499","AY032751env","685",0,0,0,315,0,0,0,0,315
"500","AY032751env","686",315,0,0,0,0,0,0,0,315
"501","AY032751env","687",0,163,0,152,0,0,0,0,315
"502","AY032751env","688",0,0,0,315,0,0,0,0,315
"503","AY032751env","689",0,315,0,0,0,0,0,0,315
"504","AY032751env","690",315,0,0,0,0,0,0,0,315
"505","AY032751env","691",0,0,315,0,0,0,0,0,315
"506","AY032751env","692",0,0,226,0,0,0,0,0,226
"507","AY032751env","693",0,225,0,1,0,0,0,0,226
"508","AY032751env","694",0,0,0,226,0,0,0,0,226
"509","AY032751env","695",0,0,0,226,0,0,0,0,226
"510","AY032751env","696",0,0,0,226,0,0,0,0,226
"511","AY032751env","697",0,0,226,0,0,0,0,0,226
"512","AY032751env","698",0,226,0,0,0,0,0,0,226
"513","AY032751env","699",0,0,0,226,0,0,0,0,226
"514","AY032751env","700",0,224,0,2,0,0,0,0,226
"515","AY032751env","701",0,226,0,0,0,0,0,0,226
"516","AY032751env","702",0,0,0,226,0,0,0,0,226
"517","AY032751env","703",226,0,0,0,0,0,0,0,226
"518","AY032751env","704",226,0,0,0,0,0,0,0,226
"519","AY032751env","705",0,226,0,0,0,0,0,0,226
"520","AY032751env","706",0,0,0,226,0,0,0,0,226
"521","AY032751env","707",0,0,226,0,0,0,0,0,226
"522","AY032751env","708",0,19,0,207,0,0,0,0,226
"523","AY032751env","709",0,0,0,226,0,0,0,0,226
"524","AY032751env","710",0,226,0,0,0,0,0,0,226
"525","AY032751env","711",0,0,0,226,0,0,0,0,226
"526","AY032751env","712",226,0,0,0,0,0,0,0,226
"527","AY032751env","713",226,0,0,0,0,0,0,0,226
